Sub-timings:
Process	[0, 25]		(25, 50]	(50, 75]	(75, 100]
	0	0.000438	0.000167	0.000134	0.000136
	1	0.000438	0.000166	0.000135	0.000135
	2	0.000444	0.000169	0.000136	0.000137
	3	0.000444	0.000168	0.000136	0.000138

Range of histogram: [448, 895]
Bins:
Bin 1 [448 470]
Bin 2 (470 492]
Bin 3 (492 514]
Bin 4 (514 536]
Bin 5 (536 558]
Bin 6 (558 580]
Bin 7 (580 602]
Bin 8 (602 624]
Bin 9 (624 646]
Bin 10 (646 668]
Bin 11 (668 690]
Bin 12 (690 712]
Bin 13 (712 734]
Bin 14 (734 756]
Bin 15 (756 778]
Bin 16 (778 800]
Bin 17 (800 822]
Bin 18 (822 844]
Bin 19 (844 866]
Bin 20 (866 895]
Counts:
[13, 61, 225, 637, 1096, 1536, 1564, 1393, 1167, 845, 566, 384, 216, 156, 65, 39, 21, 11, 4, 1]
