Sub timings:
Process	[0, 25]		(25, 50]	(50, 75]	(75, 100]
	0	0.000496	0.000192	0.000151	0.000153
	1	0.000508	0.000197	0.000153	0.000155
	2	0.000457	0.000171	0.000140	0.000142
	3	0.000479	0.000182	0.000146	0.000145

Range of histogram: [473, 904]
Bins:
Bin 1 [473 494]
Bin 2 (494 515]
Bin 3 (515 536]
Bin 4 (536 557]
Bin 5 (557 578]
Bin 6 (578 599]
Bin 7 (599 620]
Bin 8 (620 641]
Bin 9 (641 662]
Bin 10 (662 683]
Bin 11 (683 704]
Bin 12 (704 725]
Bin 13 (725 746]
Bin 14 (746 767]
Bin 15 (767 788]
Bin 16 (788 809]
Bin 17 (809 830]
Bin 18 (830 851]
Bin 19 (851 872]
Bin 20 (872 904]
Counts:
[8, 27, 62, 109, 151, 134, 145, 121, 76, 63, 38, 25, 13, 11, 10, 3, 3, 0, 0, 1]
