Sub times:
Process	25%		50%		75%		100%
0	0.000969	0.000370	0.000299	0.000304
1	0.000966	0.000369	0.000301	0.000305
2	0.000975	0.000373	0.000305	0.000308
3	0.000967	0.000369	0.000300	0.000302
4	0.002044	0.000729	0.000589	0.000596
5	0.000972	0.000371	0.000302	0.000305
6	0.001157	0.000434	0.000355	0.000360
7	0.000968	0.000371	0.000299	0.000304
8	0.000955	0.000364	0.000295	0.000300
9	0.000964	0.000370	0.000298	0.000303
10	0.000977	0.000375	0.000305	0.000306
11	0.000991	0.000378	0.000305	0.000312
12	0.002012	0.000724	0.000589	0.000594
13	0.000955	0.000366	0.000297	0.000302
14	0.000976	0.000374	0.000302	0.000308
15	0.000978	0.000373	0.000301	0.000308
Bin 1 [441 463]
Bin 2 (463 485]
Bin 3 (485 507]
Bin 4 (507 529]
Bin 5 (529 551]
Bin 6 (551 573]
Bin 7 (573 595]
Bin 8 (595 617]
Bin 9 (617 639]
Bin 10 (639 661]
Bin 11 (661 683]
Bin 12 (683 705]
Bin 13 (705 727]
Bin 14 (727 749]
Bin 15 (749 771]
Bin 16 (771 793]
Bin 17 (793 815]
Bin 18 (815 837]
Bin 19 (837 859]
Bin 20 (859 890]
[3, 36, 135, 495, 1000, 1430, 1599, 1479, 1202, 925, 635, 412, 266, 167, 94, 62, 29, 18, 8, 5]
